-231 20 -1
-175 126 -1
-261 209 -1
-173 255 -1
-180 199 -1
-67 190 -1
-132 143 -1
-144 60 -1
-240 113 -1
-293 67 -1
-147 28 -1
-50 87 -1
-70 44 -1
-124 226 -1
-70 287 -1
-30 243 -1
-38 183 -1
16 184 -1
72 251 -1
121 177 -1
20 140 -1
-60 136 -1
-195 -82 1
-115 -151 1
72 -132 1
50 -201 1
188 -156 1
234 -56 1
123 -54 1
52 -50 1
-37 -77 1
-19 -130 1
30 -100 1
-58 -223 1
-201 -194 1
-252 -147 1
-174 -144 1
-117 -115 1
-61 -161 1
1 -169 1
39 -136 1
70 -87 1
149 -144 1
88 -182 1
-4 -210 1
83 -266 1
152 -232 1