-194 61 -1
-197 28 -1
-169 37 -1
-155 87 -1
-123 89 -1
-113 62 -1
-69 31 -1
-144 20 -1
-178 -6 -1
-235 -26 -1
-164 -49 -1
-247 -90 -1
-309 -95 -1
-247 -170 -1
-169 -87 -1
-208 -65 -1
-198 -125 -1
-176 -166 -1
-112 -143 -1
-80 -113 -1
-42 -84 -1
-41 -22 -1
-49 5 -1
-58 13 -1
-112 2 -1
-120 -36 -1
-102 239 -1
-119 246 -1
-147 223 -1
-115 135 -1
32 161 -1
5 83 -1
-8 87 -1
-2 -82 -1
-16 -97 -1
-46 -120 -1
-25 -159 -1
-2 -134 -1
25 -105 -1
53 -29 -1
40 32 -1
18 -18 -1
45 -53 -1
75 7 -1
65 77 -1
30 99 -1
16 128 -1
-16 119 -1
-28 74 -1
-33 43 -1
-69 52 -1
-88 -15 -1
-60 -56 -1
-87 -67 -1
-301 -171 -1
-305 -129 -1
113 186 -1
92 142 -1
105 116 -1
146 -176 1
71 -211 1
209 -236 1
232 -130 1
138 -216 1
108 -267 1
21 -265 1
-8 -238 1
30 -193 1
74 -155 1
157 -98 1
106 -161 1
147 -130 1
215 -161 1
195 -190 1
168 -229 1
148 -265 1
106 -228 1
75 -245 1
67 -280 1
40 -286 1
45 -254 1
31 -229 1
10 -213 1
62 -183 1
91 -195 1
3 -188 1
-40 -68 1
-112 -115 1
-136 -4 1