-191 156 -1
126 157 -1
-93 104 -1
-125 43 -1
-239 48 -1
-265 145 -1
-234 214 -1
-163 105 -1
-190 89 -1
-195 76 -1
-194 61 -1
-197 28 -1
-169 37 -1
-155 87 -1
-123 89 -1
-113 62 -1
-69 31 -1
-144 20 -1
-178 -6 -1
-235 -26 -1
-164 -49 -1
-247 -90 -1
-309 -95 -1
-247 -170 -1
-169 -87 -1
-208 -65 -1
-198 -125 -1
-176 -166 -1
-112 -143 -1
-80 -113 -1
-42 -84 -1
-41 -22 -1
-49 5 -1
-58 13 -1
-112 2 -1
-120 -36 -1
-105 -74 -1
-42 29 -1
-47 76 -1
-50 106 -1
-60 139 -1
-78 197 -1
-102 239 -1
-119 246 -1
-147 223 -1
-115 135 -1
-47 133 -1
-19 182 -1
-24 211 -1
-29 231 -1
-26 247 -1
32 161 -1
5 83 -1
-8 87 -1
-6 51 -1
-6 12 -1
-16 -14 -1
-14 -27 -1
-2 -82 -1
-16 -97 -1
-46 -120 -1
-58 -135 -1
-72 -160 -1
-129 -193 -1
-147 -198 -1
-198 -229 -1
-230 -214 -1
-250 -235 -1
-276 -203 -1
-279 -168 -1
-264 -134 -1
-239 -135 -1
-210 -165 -1
-125 -241 -1
-156 -269 -1
-165 -243 -1
-126 -226 -1
-91 -213 -1
-51 -190 -1
-25 -159 -1
-2 -134 -1
25 -105 -1
53 -29 -1
40 32 -1
18 -18 -1
45 -53 -1
75 7 -1
65 77 -1
30 99 -1
16 128 -1
-16 119 -1
-28 74 -1
-33 43 -1
-69 52 -1
-88 -15 -1
-60 -56 -1
-87 -67 -1
-71 -89 -1
13 -69 -1
-125 -119 -1
-145 -161 -1
-171 -207 -1
-207 -247 -1
-242 -283 -1
-282 -285 -1
-297 -261 -1
-290 -214 -1
-301 -171 -1
-305 -129 -1
113 186 -1
92 142 -1
105 116 -1
146 -176 1
71 -211 1
209 -236 1
232 -130 1
138 -216 1
108 -267 1
21 -265 1
-8 -238 1
30 -193 1
74 -155 1
157 -98 1
106 -161 1
147 -130 1
215 -161 1
195 -190 1
168 -229 1
148 -265 1
106 -228 1
75 -245 1
67 -280 1
40 -286 1
45 -254 1
31 -229 1
10 -213 1
62 -183 1
91 -195 1
3 -188 1
-40 -68 1
-112 -115 1
-136 -4 1
-227 -124 1
62 108 1
130 -176 -1
-36 147 1
-162 55 1
190 -142 -1
256 -191 1
251 -213 1
237 -259 1
117 -43 1
93 -109 1
95 -51 1
129 -64 1
179 -40 1
192 5 1
225 86 1
262 239 1
314 292 1
292 209 1
275 126 1
305 43 1
268 13 1
252 -45 1
212 -47 1
185 62 1
196 125 1
243 155 1
246 195 1
239 245 1
266 273 1
